2 50 50
2 100 50
2 200 50
2 500 50
2 0 80
2 5 80
2 10 80
2 20 80
2 50 80
2 100 80
2 200 80
2 500 80
2 0 100
2 5 100
2 10 100
2 20 100
2 50 100
2 100 100
2 200 100
2 500 100
4 0 10
4 5 10
4 10 10
4 20 10
4 50 10
4 100 10
4 200 10
4 500 10
4 0 20
4 5 20
4 10 20
4 20 20
4 50 20
4 100 20
4 200 20
4 500 20
4 0 50
4 5 50
4 10 50
4 20 50
4 50 50
4 100 50
4 200 50
4 500 50
4 0 80
4 5 80
4 10 80
4 20 80
4 50 80
4 100 80
4 200 80
4 500 80
4 0 100
4 5 100
4 10 100
4 20 100
4 50 100
4 100 100
4 200 100
4 500 100
8 0 10
8 5 10
8 10 10
8 20 10
8 50 10
8 100 10
8 200 10
8 500 10
8 0 20
8 5 20
8 10 20
8 20 20
8 50 20
8 100 20
8 200 20
8 500 20
8 0 50
8 5 50
8 10 50
8 20 50
8 50 50
8 100 50
8 200 50
8 500 50
8 0 80
8 5 80
8 10 80
8 20 80
8 50 80
8 100 80
8 200 80
8 500 80
8 0 100
8 5 100
8 10 100
8 20 100
8 50 100
8 100 100
8 200 100
8 500 100
