15 0 10
15 5 10
15 10 10
15 20 10
15 50 10
15 100 10
15 200 10
15 500 10
15 0 20
15 5 20
15 10 20
15 20 20
15 50 20
15 100 20
15 200 20
15 500 20
15 0 50
15 5 50
15 10 50
15 20 50
15 50 50
15 100 50
15 200 50
15 500 50
15 0 80
15 5 80
15 10 80
15 20 80
15 50 80
15 100 80
15 200 80
15 500 80
15 0 100
15 5 100
15 10 100
15 20 100
15 50 100
15 100 100
15 200 100
15 500 100
30 0 10
30 5 10
30 10 10
30 20 10
30 50 10
30 100 10
30 200 10
30 500 10
30 0 20
30 5 20
30 10 20
30 20 20
30 50 20
30 100 20
30 200 20
30 500 20
30 0 50
30 5 50
30 10 50
30 20 50
30 50 50
30 100 50
30 200 50
30 500 50
30 0 80
30 5 80
30 10 80
30 20 80
30 50 80
30 100 80
30 200 80
30 500 80
30 0 100
30 5 100
30 10 100
30 20 100
30 50 100
30 100 100
30 200 100
30 500 100
60 0 10
60 5 10
60 10 10
60 20 10
60 50 10
60 100 10
60 200 10
60 500 10
60 0 20
60 5 20
60 10 20
60 20 20
60 50 20
60 100 20
60 200 20
60 500 20
60 0 50
60 5 50
60 10 50
60 20 50
