0 0 50 1
0 10 50 1
0 50 50 1
0 100 50 1
0 200 50 1
0 500 50 1
10 0 50 1
10 10 50 1
10 50 50 1
10 100 50 1
10 200 50 1
10 500 50 1
50 0 50 1
50 10 50 1
50 50 50 1
50 100 50 1
50 200 50 1
50 500 50 1
100 0 50 1
100 10 50 1
100 50 50 1
100 100 50 1
100 200 50 1
100 500 50 1
200 0 50 1
200 10 50 1
200 50 50 1
200 100 50 1
200 200 50 1
200 500 50 1
500 0 50 1
500 10 50 1
500 50 50 1
500 100 50 1
500 200 50 1
500 500 50 1
0 0 100 1
0 10 100 1
0 50 100 1
0 100 100 1
0 200 100 1
0 500 100 1
10 0 100 1
10 10 100 1
10 50 100 1
10 100 100 1
10 200 100 1
10 500 100 1
50 0 100 1
50 10 100 1
50 50 100 1
50 100 100 1
50 200 100 1
50 500 100 1
100 0 100 1
100 10 100 1
100 50 100 1
100 100 100 1
100 200 100 1
100 500 100 1
200 0 100 1
200 10 100 1
200 50 100 1
200 100 100 1
200 200 100 1
200 500 100 1
500 0 100 1
500 10 100 1
500 50 100 1
500 100 100 1
500 200 100 1
500 500 100 1
0 0 200 1
0 10 200 1
0 50 200 1
0 100 200 1
0 200 200 1
0 500 200 1
10 0 200 1
10 10 200 1
10 50 200 1
10 100 200 1
10 200 200 1
10 500 200 1
50 0 200 1
50 10 200 1
50 50 200 1
50 100 200 1
50 200 200 1
50 500 200 1
100 0 200 1
100 10 200 1
100 50 200 1
100 100 200 1
100 200 200 1
100 500 200 1
200 0 200 1
200 10 200 1
200 50 200 1
200 100 200 1
200 200 200 1
200 500 200 1
500 0 200 1
500 10 200 1
500 50 200 1
500 100 200 1
500 200 200 1
500 500 200 1
0 0 500 1
0 10 500 1
0 50 500 1
0 100 500 1
0 200 500 1
0 500 500 1
10 0 500 1
10 10 500 1
10 50 500 1
10 100 500 1
10 200 500 1
10 500 500 1
50 0 500 1
50 10 500 1
50 50 500 1
50 100 500 1
50 200 500 1
50 500 500 1
100 0 500 1
100 10 500 1
100 50 500 1
100 100 500 1
100 200 500 1
100 500 500 1
200 0 500 1
200 10 500 1
200 50 500 1
200 100 500 1
200 200 500 1
200 500 500 1
500 0 500 1
500 10 500 1
500 50 500 1
500 100 500 1
500 200 500 1
500 500 500 1
