0 0 50
0 10 50
0 50 50
0 100 50
0 200 50
0 500 50
10 0 50
10 10 50
10 50 50
10 100 50
10 200 50
10 500 50
50 0 50
50 10 50
50 50 50
50 100 50
50 200 50
50 500 50
100 0 50
100 10 50
100 50 50
100 100 50
100 200 50
100 500 50
200 0 50
200 10 50
200 50 50
200 100 50
200 200 50
200 500 50
500 0 50
500 10 50
500 50 50
500 100 50
500 200 50
500 500 50
0 0 100
0 10 100
0 50 100
0 100 100
0 200 100
0 500 100
10 0 100
10 10 100
10 50 100
10 100 100
10 200 100
10 500 100
50 0 100
50 10 100
50 50 100
50 100 100
50 200 100
50 500 100
100 0 100
100 10 100
100 50 100
100 100 100
100 200 100
100 500 100
200 0 100
200 10 100
200 50 100
200 100 100
200 200 100
200 500 100
500 0 100
500 10 100
500 50 100
500 100 100
500 200 100
500 500 100
0 0 200
0 10 200
0 50 200
0 100 200
0 200 200
0 500 200
10 0 200
10 10 200
10 50 200
10 100 200
10 200 200
10 500 200
50 0 200
50 10 200
50 50 200
50 100 200
50 200 200
50 500 200
100 0 200
100 10 200
100 50 200
100 100 200
100 200 200
100 500 200
200 0 200
200 10 200
200 50 200
200 100 200
200 200 200
200 500 200
500 0 200
500 10 200
500 50 200
500 100 200
500 200 200
500 500 200
0 0 500
0 10 500
0 50 500
0 100 500
0 200 500
0 500 500
10 0 500
10 10 500
10 50 500
10 100 500
10 200 500
10 500 500
50 0 500
50 10 500
50 50 500
50 100 500
50 200 500
50 500 500
100 0 500
100 10 500
100 50 500
100 100 500
100 200 500
100 500 500
200 0 500
200 10 500
200 50 500
200 100 500
200 200 500
200 500 500
500 0 500
500 10 500
500 50 500
500 100 500
500 200 500
500 500 500
