500 0 10
500 5 10
500 10 10
500 15 10
500 20 10
500 80 10
500 200 10
500 0 20
500 5 20
500 10 20
500 15 20
500 20 20
500 80 20
500 200 20
500 0 50
500 5 50
500 10 50
500 15 50
500 20 50
500 80 50
500 200 50
500 0 80
500 5 80
500 10 80
500 15 80
500 20 80
500 80 80
500 200 80
500 0 100
500 5 100
500 10 100
500 15 100
500 20 100
500 80 100
500 200 100
1000 0 10
1000 5 10
1000 10 10
1000 15 10
1000 20 10
1000 80 10
1000 200 10
1000 0 20
1000 5 20
1000 10 20
1000 15 20
1000 20 20
1000 80 20
1000 200 20
1000 0 50
1000 5 50
1000 10 50
1000 15 50
1000 20 50
1000 80 50
1000 200 50
1000 0 80
1000 5 80
1000 10 80
1000 15 80
1000 20 80
1000 80 80
1000 200 80
1000 0 100
1000 5 100
1000 10 100
1000 15 100
1000 20 100
1000 80 100
1000 200 100
2000 0 10
2000 5 10
2000 10 10
2000 15 10
2000 20 10
2000 80 10
2000 200 10
2000 0 20
2000 5 20
2000 10 20
2000 15 20
2000 20 20
2000 80 20
2000 200 20
2000 0 50
2000 5 50
2000 10 50
2000 15 50
2000 20 50
2000 80 50
2000 200 50
2000 0 80
2000 5 80
2000 10 80
2000 15 80
2000 20 80
2000 80 80
2000 200 80
2000 0 100
2000 5 100
2000 10 100
2000 15 100
2000 20 100
2000 80 100
2000 200 100
