0 0 10
0 5 10
0 10 10
0 20 10
0 50 10
0 100 10
0 200 10
0 500 10
0 0 20
0 5 20
0 10 20
0 20 20
0 50 20
0 100 20
0 200 20
0 500 20
0 0 50
0 5 50
0 10 50
0 20 50
0 50 50
0 100 50
0 200 50
0 500 50
0 0 80
0 5 80
0 10 80
0 20 80
0 50 80
0 100 80
0 200 80
0 500 80
0 0 100
0 5 100
0 10 100
0 20 100
0 50 100
0 100 100
0 200 100
0 500 100
1 0 10
1 5 10
1 10 10
1 20 10
1 50 10
1 100 10
1 200 10
1 500 10
1 0 20
1 5 20
1 10 20
1 20 20
1 50 20
1 100 20
1 200 20
1 500 20
1 0 50
1 5 50
1 10 50
1 20 50
1 50 50
1 100 50
1 200 50
1 500 50
1 0 80
1 5 80
1 10 80
1 20 80
1 50 80
1 100 80
1 200 80
1 500 80
1 0 100
1 5 100
1 10 100
1 20 100
1 50 100
1 100 100
1 200 100
1 500 100
2 0 10
2 5 10
2 10 10
2 20 10
2 50 10
2 100 10
2 200 10
2 500 10
2 0 20
2 5 20
2 10 20
2 20 20
2 50 20
2 100 20
2 200 20
2 500 20
2 0 50
2 5 50
2 10 50
2 20 50
2 50 50
2 100 50
2 200 50
2 500 50
2 0 80
2 5 80
2 10 80
2 20 80
2 50 80
2 100 80
2 200 80
2 500 80
2 0 100
2 5 100
2 10 100
2 20 100
2 50 100
2 100 100
2 200 100
2 500 100
4 0 10
4 5 10
4 10 10
4 20 10
4 50 10
4 100 10
4 200 10
4 500 10
4 0 20
4 5 20
4 10 20
4 20 20
4 50 20
4 100 20
4 200 20
4 500 20
4 0 50
4 5 50
4 10 50
4 20 50
4 50 50
4 100 50
4 200 50
4 500 50
4 0 80
4 5 80
4 10 80
4 20 80
4 50 80
4 100 80
4 200 80
4 500 80
4 0 100
4 5 100
4 10 100
4 20 100
4 50 100
4 100 100
4 200 100
4 500 100
8 0 10
8 5 10
8 10 10
8 20 10
8 50 10
8 100 10
8 200 10
8 500 10
8 0 20
8 5 20
8 10 20
8 20 20
8 50 20
8 100 20
8 200 20
8 500 20
8 0 50
8 5 50
8 10 50
8 20 50
8 50 50
8 100 50
8 200 50
8 500 50
8 0 80
8 5 80
8 10 80
8 20 80
8 50 80
8 100 80
8 200 80
8 500 80
8 0 100
8 5 100
8 10 100
8 20 100
8 50 100
8 100 100
8 200 100
8 500 100
15 0 10
15 5 10
15 10 10
15 20 10
15 50 10
15 100 10
15 200 10
15 500 10
15 0 20
15 5 20
15 10 20
15 20 20
15 50 20
15 100 20
15 200 20
15 500 20
15 0 50
15 5 50
15 10 50
15 20 50
15 50 50
15 100 50
15 200 50
15 500 50
15 0 80
15 5 80
15 10 80
15 20 80
15 50 80
15 100 80
15 200 80
15 500 80
15 0 100
15 5 100
15 10 100
15 20 100
15 50 100
15 100 100
15 200 100
15 500 100
30 0 10
30 5 10
30 10 10
30 20 10
30 50 10
30 100 10
30 200 10
30 500 10
30 0 20
30 5 20
30 10 20
30 20 20
30 50 20
30 100 20
30 200 20
30 500 20
30 0 50
30 5 50
30 10 50
30 20 50
30 50 50
30 100 50
30 200 50
30 500 50
30 0 80
30 5 80
30 10 80
30 20 80
30 50 80
30 100 80
30 200 80
30 500 80
30 0 100
30 5 100
30 10 100
30 20 100
30 50 100
30 100 100
30 200 100
30 500 100
60 0 10
60 5 10
60 10 10
60 20 10
60 50 10
60 100 10
60 200 10
60 500 10
60 0 20
60 5 20
60 10 20
60 20 20
60 50 20
60 100 20
60 200 20
60 500 20
60 0 50
60 5 50
60 10 50
60 20 50
60 50 50
60 100 50
60 200 50
60 500 50
60 0 80
60 5 80
60 10 80
60 20 80
60 50 80
60 100 80
60 200 80
60 500 80
60 0 100
60 5 100
60 10 100
60 20 100
60 50 100
60 100 100
60 200 100
60 500 100
120 0 10
120 5 10
120 10 10
120 20 10
120 50 10
120 100 10
120 200 10
120 500 10
120 0 20
120 5 20
120 10 20
120 20 20
120 50 20
120 100 20
120 200 20
120 500 20
120 0 50
120 5 50
120 10 50
120 20 50
120 50 50
120 100 50
120 200 50
120 500 50
120 0 80
120 5 80
120 10 80
120 20 80
120 50 80
120 100 80
120 200 80
120 500 80
120 0 100
120 5 100
120 10 100
120 20 100
120 50 100
120 100 100
120 200 100
120 500 100
250 0 10
250 5 10
250 10 10
250 20 10
250 50 10
250 100 10
250 200 10
250 500 10
250 0 20
250 5 20
250 10 20
250 20 20
250 50 20
250 100 20
250 200 20
250 500 20
250 0 50
250 5 50
250 10 50
250 20 50
2508 50 50
250 100 50
250 200 50
250 500 50
250 0 80
250 5 80
250 10 80
250 20 80
250 50 80
250 100 80
250 200 80
250 500 80
250 0 100
250 5 100
250 10 100
250 20 100
250 50 100
250 100 100
250 200 100
250 500 100
