10 500 0
11 500 0
12 500 0
13 500 0
14 500 0
15 500 0
16 500 0
17 500 0
18 500 0
19 500 0
20 500 0
50 500 0
80 500 0
150 500 0
10 1000 0
11 1000 0
12 1000 0
13 1000 0
14 1000 0
15 1000 0
16 1000 0
17 1000 0
18 1000 0
19 1000 0
20 1000 0
50 1000 0
80 1000 0
150 1000 0
10 2000 0
11 2000 0
12 2000 0
13 2000 0
14 2000 0
15 2000 0
16 2000 0
17 2000 0
18 2000 0
19 2000 0
20 2000 0
50 2000 0
80 2000 0
150 2000 0
10 500 1
11 500 1
12 500 1
13 500 1
14 500 1
15 500 1
16 500 1
17 500 1
18 500 1
19 500 1
20 500 1
50 500 1
80 500 1
150 500 1
10 1000 1
11 1000 1
12 1000 1
13 1000 1
14 1000 1
15 1000 1
16 1000 1
17 1000 1
18 1000 1
19 1000 1
20 1000 1
50 1000 1
80 1000 1
150 1000 1
10 2000 1
11 2000 1
12 2000 1
13 2000 1
14 2000 1
15 2000 1
16 2000 1
17 2000 1
18 2000 1
19 2000 1
20 2000 1
50 2000 1
80 2000 1
150 2000 1
