60 50 50
60 100 50
60 200 50
60 500 50
60 0 80
60 5 80
60 10 80
60 20 80
60 50 80
60 100 80
60 200 80
60 500 80
60 0 100
60 5 100
60 10 100
60 20 100
60 50 100
60 100 100
60 200 100
60 500 100
120 0 10
120 5 10
120 10 10
120 20 10
120 50 10
120 100 10
120 200 10
120 500 10
120 0 20
120 5 20
120 10 20
120 20 20
120 50 20
120 100 20
120 200 20
120 500 20
120 0 50
120 5 50
120 10 50
120 20 50
120 50 50
120 100 50
120 200 50
120 500 50
120 0 80
120 5 80
120 10 80
120 20 80
120 50 80
120 100 80
120 200 80
120 500 80
120 0 100
120 5 100
120 10 100
120 20 100
120 50 100
120 100 100
120 200 100
120 500 100
250 0 10
250 5 10
250 10 10
250 20 10
250 50 10
250 100 10
250 200 10
250 500 10
250 0 20
250 5 20
250 10 20
250 20 20
250 50 20
250 100 20
250 200 20
250 500 20
250 0 50
250 5 50
250 10 50
250 20 50
2508 50 50
250 100 50
250 200 50
250 500 50
250 0 80
250 5 80
250 10 80
250 20 80
250 50 80
250 100 80
250 200 80
250 500 80
250 0 100
250 5 100
250 10 100
250 20 100
250 50 100
250 100 100
250 200 100
250 500 100
