0 0 10
0 5 10
0 10 10
0 20 10
0 50 10
0 100 10
0 200 10
0 500 10
0 0 20
0 5 20
0 10 20
0 20 20
0 50 20
0 100 20
0 200 20
0 500 20
0 0 50
0 5 50
0 10 50
0 20 50
0 50 50
0 100 50
0 200 50
0 500 50
0 0 80
0 5 80
0 10 80
0 20 80
0 50 80
0 100 80
0 200 80
0 500 80
0 0 100
0 5 100
0 10 100
0 20 100
0 50 100
0 100 100
0 200 100
0 500 100
1 0 10
1 5 10
1 10 10
1 20 10
1 50 10
1 100 10
1 200 10
1 500 10
1 0 20
1 5 20
1 10 20
1 20 20
1 50 20
1 100 20
1 200 20
1 500 20
1 0 50
1 5 50
1 10 50
1 20 50
1 50 50
1 100 50
1 200 50
1 500 50
1 0 80
1 5 80
1 10 80
1 20 80
1 50 80
1 100 80
1 200 80
1 500 80
1 0 100
1 5 100
1 10 100
1 20 100
1 50 100
1 100 100
1 200 100
1 500 100
2 0 10
2 5 10
2 10 10
2 20 10
2 50 10
2 100 10
2 200 10
2 500 10
2 0 20
2 5 20
2 10 20
2 20 20
2 50 20
2 100 20
2 200 20
2 500 20
2 0 50
2 5 50
2 10 50
2 20 50
